experimental data: Data/processed/220415/ph4 2m nacl 25oC/ac/89_1/experimental/89_1_cv_current_reduced_219.txt


**************************************** Run: 0 ****************************************

lower_bounds: 0.000000e+00, -1.000000e-03, -1.000000e-03, -1.000000e-03, 0.000000e+00, -1.000000e-03, -1.000000e-03, -1.000000e-03, 5.534781e+02, -4.712389e-01, 2.716077e-01, 
upper_bounds: 1.000000e-03, 1.000000e-03, 1.000000e-03, 1.000000e-03, 1.000000e-03, 1.000000e-03, 1.000000e-03, 1.000000e-03, 5.646595e+02, 4.712389e-01, 1.358039e+02, 
Random starting_points: 1.862972e-04, 1.398227e-04, 3.703347e-04, 1.951514e-04, 1.891602e-04, 1.726416e-04, 4.393607e-04, 2.432450e-04, 5.590688e+02, -1.023689e-01, 3.254603e+01, 
Found solution:  1.58079405437025765e-04,  1.06350801491165384e-04,  3.02749934972056101e-04,  1.71436983885974717e-04,  1.59725221264907268e-04,  1.27716545212687004e-04,  3.45082851948034066e-04,  1.99466269990929059e-04,  5.58951717509764990e+02, -7.42038663692917710e-02,  1.95733108530495592e+01, 

Found solution:
 1.58079405437025765e-04  :gamma0
 1.06350801491165384e-04  :gamma1
 3.02749934972056101e-04  :gamma2
 1.71436983885974717e-04  :gamma3
 1.59725221264907268e-04  :gamma4
 1.27716545212687004e-04  :gamma5
 3.45082851948034066e-04  :gamma6
 1.99466269990929059e-04  :gamma7
 5.58951717509764990e+02  :omega
-7.42038663692917710e-02  :mew
 1.95733108530495592e+01  :row
Score at found solution: 8.5278531062020502e+09


**************************************** Run: 1 ****************************************

lower_bounds: 0.000000e+00, -1.000000e-03, -1.000000e-03, -1.000000e-03, 0.000000e+00, -1.000000e-03, -1.000000e-03, -1.000000e-03, 5.534781e+02, -4.712389e-01, 2.716077e-01, 
upper_bounds: 1.000000e-03, 1.000000e-03, 1.000000e-03, 1.000000e-03, 1.000000e-03, 1.000000e-03, 1.000000e-03, 1.000000e-03, 5.646595e+02, 4.712389e-01, 1.358039e+02, 
Random starting_points: 1.862972e-04, 1.398227e-04, 3.703347e-04, 1.951514e-04, 1.891602e-04, 1.726416e-04, 4.393607e-04, 2.432450e-04, 5.590688e+02, -1.023689e-01, 3.254603e+01, 
