experimental data: Data/processed/220415/ph4 2m nacl 25oC/ac/144_1/experimental/144_1_cv_current_end_of_2.txt


**************************************** Run: 0 ****************************************

lower_bounds: 0.000000e+00, -1.000000e-03, -1.000000e-03, -1.000000e-03, 0.000000e+00, -1.000000e-03, -1.000000e-03, -1.000000e-03, 8.953900e+02, -4.712389e-01, 2.716077e-01, 
upper_bounds: 1.000000e-03, 1.000000e-03, 1.000000e-03, 1.000000e-03, 1.000000e-03, 1.000000e-03, 1.000000e-03, 1.000000e-03, 9.134787e+02, 4.712389e-01, 1.358039e+02, 
Random starting_points: 1.862972e-04, 1.398227e-04, 3.703347e-04, 1.951514e-04, 1.891602e-04, 1.726416e-04, 4.393607e-04, 2.432450e-04, 9.044344e+02, -1.023689e-01, 3.254603e+01, 
Found solution:  1.52024471002971305e-04,  9.89215519217789743e-05,  2.87723424129265491e-04,  1.66192879413506328e-04,  1.53458132398664982e-04,  1.18201674429383287e-04,  3.25291119028913367e-04,  1.90509500454961707e-04,  9.04317421556482827e+02, -4.26591798222810681e-02,  2.21069334489163580e+01, 

Found solution:
 1.52024471002971305e-04  :gamma0
 9.89215519217789743e-05  :gamma1
 2.87723424129265491e-04  :gamma2
 1.66192879413506328e-04  :gamma3
 1.53458132398664982e-04  :gamma4
 1.18201674429383287e-04  :gamma5
 3.25291119028913367e-04  :gamma6
 1.90509500454961707e-04  :gamma7
 9.04317421556482827e+02  :omega
-4.26591798222810681e-02  :mew
 2.21069334489163580e+01  :row
Score at found solution: 3.4826246869644989e+10


**************************************** Run: 1 ****************************************

lower_bounds: 0.000000e+00, -1.000000e-03, -1.000000e-03, -1.000000e-03, 0.000000e+00, -1.000000e-03, -1.000000e-03, -1.000000e-03, 8.953900e+02, -4.712389e-01, 2.716077e-01, 
upper_bounds: 1.000000e-03, 1.000000e-03, 1.000000e-03, 1.000000e-03, 1.000000e-03, 1.000000e-03, 1.000000e-03, 1.000000e-03, 9.134787e+02, 4.712389e-01, 1.358039e+02, 
Random starting_points: 1.862972e-04, 1.398227e-04, 3.703347e-04, 1.951514e-04, 1.891602e-04, 1.726416e-04, 4.393607e-04, 2.432450e-04, 9.044344e+02, -1.023689e-01, 3.254603e+01, 
