experimental data: Data/processed/220415/ph4 2m nacl 25oC/ac/22_1/experimental/22_1_cv_current_reduced_221.txt


**************************************** Run: 0 ****************************************

lower_bounds: 0.000000e+00, -1.000000e-03, -1.000000e-03, -1.000000e-03, 0.000000e+00, -1.000000e-03, -1.000000e-03, -1.000000e-03, 1.367185e+02, -4.712389e-01, 2.716077e-01, 
upper_bounds: 1.000000e-03, 1.000000e-03, 1.000000e-03, 1.000000e-03, 1.000000e-03, 1.000000e-03, 1.000000e-03, 1.000000e-03, 1.394804e+02, 4.712389e-01, 1.358039e+02, 
Random starting_points: 1.862972e-04, 1.398227e-04, 3.703347e-04, 1.951514e-04, 1.891602e-04, 1.726416e-04, 4.393607e-04, 2.432450e-04, 1.380994e+02, -1.023689e-01, 3.254603e+01, 
Found solution:  1.75160590470010773e-04,  1.25937257249204371e-04,  3.49837268104940570e-04,  1.91588381047127576e-04,  1.78000459787150780e-04,  1.54827610607237908e-04,  4.04205683706606016e-04,  2.26940578255244163e-04,  1.37982379846346532e+02, -1.05688828131165757e-01,  1.28298698593589986e+01, 

Found solution:
 1.75160590470010773e-04  :gamma0
 1.25937257249204371e-04  :gamma1
 3.49837268104940570e-04  :gamma2
 1.91588381047127576e-04  :gamma3
 1.78000459787150780e-04  :gamma4
 1.54827610607237908e-04  :gamma5
 4.04205683706606016e-04  :gamma6
 2.26940578255244163e-04  :gamma7
 1.37982379846346532e+02  :omega
-1.05688828131165757e-01  :mew
 1.28298698593589986e+01  :row
Score at found solution: 2.0545536044899079e+08


**************************************** Run: 1 ****************************************

lower_bounds: 0.000000e+00, -1.000000e-03, -1.000000e-03, -1.000000e-03, 0.000000e+00, -1.000000e-03, -1.000000e-03, -1.000000e-03, 1.367185e+02, -4.712389e-01, 2.716077e-01, 
upper_bounds: 1.000000e-03, 1.000000e-03, 1.000000e-03, 1.000000e-03, 1.000000e-03, 1.000000e-03, 1.000000e-03, 1.000000e-03, 1.394804e+02, 4.712389e-01, 1.358039e+02, 
Random starting_points: 1.862972e-04, 1.398227e-04, 3.703347e-04, 1.951514e-04, 1.891602e-04, 1.726416e-04, 4.393607e-04, 2.432450e-04, 1.380994e+02, -1.023689e-01, 3.254603e+01, 
