experimental data: Data/processed/220415/ph4 2m nacl 25oC/ac/9_2b/experimental/9_2b_cv_current_reduced_0.txt


**************************************** Run: 0 ****************************************

lower_bounds: 0.000000e+00, -1.000000e-03, -1.000000e-03, -1.000000e-03, 0.000000e+00, -1.000000e-03, -1.000000e-03, -1.000000e-03, 5.584602e+01, -4.712389e-01, 2.716077e-01, 
upper_bounds: 1.000000e-03, 1.000000e-03, 1.000000e-03, 1.000000e-03, 1.000000e-03, 1.000000e-03, 1.000000e-03, 1.000000e-03, 5.697422e+01, 4.712389e-01, 1.358039e+02, 
Random starting_points: 1.883566e-04, 1.618044e-04, 4.177334e-04, 2.269510e-04, 1.890870e-04, 1.738224e-04, 4.406818e-04, 2.447666e-04, 5.629306e+01, -1.086863e-01, 1.470883e+01, 
Found solution:  1.88356617040317533e-04,  1.61804365758608931e-04,  4.17733352175351375e-04,  2.26950951952747818e-04,  1.89087024301737571e-04,  1.73822413041256054e-04,  4.40681837479345263e-04,  2.44766708609961067e-04,  5.62930605709615577e+01, -1.08686331185583906e-01,  1.47088296400589904e+01, 

Found solution:
 1.88356617040317533e-04  :gamma0
 1.61804365758608931e-04  :gamma1
 4.17733352175351375e-04  :gamma2
 2.26950951952747818e-04  :gamma3
 1.89087024301737571e-04  :gamma4
 1.73822413041256054e-04  :gamma5
 4.40681837479345263e-04  :gamma6
 2.44766708609961067e-04  :gamma7
 5.62930605709615577e+01  :omega
-1.08686331185583906e-01  :mew
 1.47088296400589904e+01  :row
Score at found solution: 3.8964538420158714e+07


**************************************** Run: 1 ****************************************

lower_bounds: 0.000000e+00, -1.000000e-03, -1.000000e-03, -1.000000e-03, 0.000000e+00, -1.000000e-03, -1.000000e-03, -1.000000e-03, 5.584602e+01, -4.712389e-01, 2.716077e-01, 
upper_bounds: 1.000000e-03, 1.000000e-03, 1.000000e-03, 1.000000e-03, 1.000000e-03, 1.000000e-03, 1.000000e-03, 1.000000e-03, 5.697422e+01, 4.712389e-01, 1.358039e+02, 
Random starting_points: 1.883566e-04, 1.618044e-04, 4.177334e-04, 2.269510e-04, 1.890870e-04, 1.738224e-04, 4.406818e-04, 2.447666e-04, 5.629306e+01, -1.086863e-01, 1.470883e+01, 
