experimental data: Data/processed/220415/ph4 2m nacl 25oC/ac/39_1/experimental/39_1_cv_current_reduced_200.txt


**************************************** Run: 0 ****************************************

lower_bounds: 0.000000e+00, -1.000000e-03, -1.000000e-03, -1.000000e-03, 0.000000e+00, -1.000000e-03, -1.000000e-03, -1.000000e-03, 2.423857e+02, -4.712389e-01, 2.716077e-01, 
upper_bounds: 1.000000e-03, 1.000000e-03, 1.000000e-03, 1.000000e-03, 1.000000e-03, 1.000000e-03, 1.000000e-03, 1.000000e-03, 2.472823e+02, 4.712389e-01, 1.358039e+02, 
Random starting_points: 1.862972e-04, 1.398227e-04, 3.703347e-04, 1.951514e-04, 1.891602e-04, 1.726416e-04, 4.393607e-04, 2.432450e-04, 2.448340e+02, -1.023689e-01, 3.254603e+01, 
Found solution:  1.67983273545366338e-04,  1.17375874332224317e-04,  3.28141943982004436e-04,  1.81878791343470037e-04,  1.70272919478910557e-04,  1.43347699816340560e-04,  3.78878407098161198e-04,  2.15423275399351504e-04,  2.44716897843784722e+02, -9.90585791309914199e-02,  1.49763351237655247e+01, 

Found solution:
 1.67983273545366338e-04  :gamma0
 1.17375874332224317e-04  :gamma1
 3.28141943982004436e-04  :gamma2
 1.81878791343470037e-04  :gamma3
 1.70272919478910557e-04  :gamma4
 1.43347699816340560e-04  :gamma5
 3.78878407098161198e-04  :gamma6
 2.15423275399351504e-04  :gamma7
 2.44716897843784722e+02  :omega
-9.90585791309914199e-02  :mew
 1.49763351237655247e+01  :row
Score at found solution: 1.3643233827719438e+09


**************************************** Run: 1 ****************************************

lower_bounds: 0.000000e+00, -1.000000e-03, -1.000000e-03, -1.000000e-03, 0.000000e+00, -1.000000e-03, -1.000000e-03, -1.000000e-03, 2.423857e+02, -4.712389e-01, 2.716077e-01, 
upper_bounds: 1.000000e-03, 1.000000e-03, 1.000000e-03, 1.000000e-03, 1.000000e-03, 1.000000e-03, 1.000000e-03, 1.000000e-03, 2.472823e+02, 4.712389e-01, 1.358039e+02, 
Random starting_points: 1.862972e-04, 1.398227e-04, 3.703347e-04, 1.951514e-04, 1.891602e-04, 1.726416e-04, 4.393607e-04, 2.432450e-04, 2.448340e+02, -1.023689e-01, 3.254603e+01, 
